Date,Close,High,Low,Open,Time
2014-13-30,4123.1299,4135.8398,4094.1699,4098.8101,2168410112
2014-13-31,4103.8799,4124.9199,4067.6101,4068.6299,2300570112
2014-20-03,3996.9600,4113.5498,3989.9500,4105.0601,2617029888
2014-20-04,4031.5200,4044.2000,4004.5801,4019.4399,2173360128
2014-20-05,4011.5500,4026.2800,3968.1899,4015.5000,2168359936
2014-20-06,4057.1201,4064.0601,4022.1699,4022.6599,1942700032
2014-20-07,4125.8599,4126.5098,4069.9299,4081.8201,2055849984
2014-21-10,4148.1699,4148.2998,4122.6099,4125.1201,1811970048
2014-21-11,4191.0498,4198.5098,4153.1001,4154.6602,1993949952
2014-21-12,4201.2900,4212.6099,4190.3901,4196.8501,2035890048
2014-21-13,4240.6699,4240.6699,4170.4702,4171.5801,2249989888
2014-21-14,4244.0200,4250.9102,4225.7500,4237.0000,1881510016
2014-21-18,4272.7798,4277.3301,4243.5601,4253.7100,1886210048
2014-21-19,4237.9502,4274.2900,4232.3799,4260.7402,1956720000
2014-22-20,4267.5498,4272.3398,4226.7500,4241.4600,1992780032
2014-22-21,4263.4102,4284.8501,4261.6299,4282.1699,2138249984
2014-22-24,4292.9702,4311.1299,4272.1099,4273.3198,2161299968
2014-22-25,4287.5898,4307.5098,4275.7998,4298.4800,2137149952
2014-22-26,4292.0601,4316.8198,4278.5400,4300.4502,2108269952
2014-22-27,4318.9302,4322.4600,4284.7798,4291.4702,2049159936
2014-22-28,4308.1201,4342.5898,4275.6099,4323.5200,2617730048
2014-30-03,4277.2998,4284.1499,4239.6499,4261.4199,2077500032
2014-30-04,4351.9702,4357.2100,4327.5400,4327.8501,2477850112
2014-30-05,4357.9702,4362.5000,4344.1499,4352.7598,2215980032
2014-30-06,4352.1299,4371.7100,4341.0000,4368.8101,2136259968
2014-30-07,4336.2202,4371.3901,4319.1499,4370.9800,2175559936
2014-31-10,4334.4502,4339.9302,4307.8398,4332.6201,2111609984
2014-31-11,4307.1899,4354.4302,4295.4702,4342.9302,2477779968
2014-31-12,4323.3301,4323.3301,4270.2202,4288.6001,2131879936
2014-31-13,4260.4199,4339.8999,4242.9502,4338.2598,2383600128
2014-31-14,4245.3999,4272.3398,4241.9399,4250.4502,2196890112
2014-31-17,4279.9502,4301.2798,4273.0098,4274.2202,1810409984
2014-31-18,4333.3101,4334.6602,4284.1099,4286.2202,1962889984
2014-31-19,4307.6001,4334.2998,4283.5400,4331.4600,1992749952
2014-32-20,4319.2900,4329.6099,4287.4102,4297.9902,1847270016
2014-32-21,4276.7900,4344.3901,4268.3398,4339.8999,3245740032
2014-32-24,4226.3901,4289.4902,4190.6099,4289.4902,2434650112
2014-32-25,4234.2700,4274.3198,4203.6401,4252.6499,2270759936
2014-32-26,4173.5801,4263.0698,4173.5801,4254.9800,2455460096
2014-32-27,4151.2300,4186.1299,4131.8101,4169.3501,2270650112
2014-32-28,4155.7598,4203.4902,4144.6899,4163.1802,2029840000
2014-33-31,4198.9902,4212.9702,4180.5400,4185.6299,2090850048
2014-40-01,4268.0400,4268.2002,4218.7700,4219.8701,2153129984
2014-40-02,4276.4600,4286.0898,4258.8599,4281.6099,2187099904
2014-40-03,4237.7402,4284.6899,4216.5698,4282.1802,2067369984
2014-40-04,4127.7300,4267.0601,4118.7100,4263.9399,2621270016
2014-40-07,4079.7500,4133.6802,4052.1399,4110.9199,2554680064
2014-40-08,4112.9902,4120.2402,4066.1101,4085.1799,2198899968
2014-40-09,4183.8999,4185.1899,4121.1699,4129.6299,1957560064
2014-41-10,4054.1101,4182.6099,4042.7600,4181.2100,2421210112
2014-41-11,3999.7300,4067.2200,3991.6399,4015.0701,2264480000
2014-41-14,4022.6899,4050.7900,3986.5000,4038.0601,1890480000
2014-41-15,4034.1599,4054.8000,3946.0300,4032.6299,2413110016
2014-41-16,4086.2300,4086.2800,4038.8101,4066.8201,1863110016
2014-41-17,4095.5200,4110.4600,4064.7000,4080.3000,1954720000
2014-42-21,4121.5498,4121.5498,4081.9099,4105.3701,1544440064
2014-42-22,4161.4600,4170.7202,4131.6099,4132.0601,1875929984
2014-42-23,4126.9702,4161.4399,4125.4102,4160.8999,1794759936
2014-42-24,4148.3398,4177.1602,4107.5200,4174.6099,2130870016
2014-42-25,4075.5601,4126.9800,4068.1001,4125.1602,2087139968
2014-42-28,4074.3999,4111.5898,4014.1699,4091.8101,2348320000
2014-42-29,4103.5400,4111.4502,4070.2500,4089.5100,1911239936
2014-43-30,4114.5601,4116.1401,4070.6299,4085.1899,2151399936
2014-50-01,4127.4502,4149.5601,4105.6099,4121.2500,2077040000
2014-50-02,4123.8999,4145.0601,4115.8901,4138.6299,1844790016
2014-50-05,4138.0601,4138.3398,4086.3501,4099.2500,1561170048
2014-50-06,4080.7600,4132.4600,4080.7600,4128.2202,1850610048
2014-50-07,4067.6699,4091.0300,4021.0500,4085.4900,2486030080
2014-50-08,4051.5000,4109.2002,4039.9099,4053.2800,2411940096
2014-50-09,4071.8701,4071.8701,4025.2400,4043.4399,1976160000
2014-51-12,4143.8599,4146.5400,4092.0901,4092.8401,1880019968
2014-51-13,4130.1699,4155.1299,4128.0098,4144.8999,1923480064
2014-51-14,4100.6299,4132.3301,4093.8301,4122.0801,1764429952
2014-51-15,4069.2900,4098.2500,4035.9600,4096.5298,2083030016
2014-51-16,4090.5901,4091.1599,4044.2700,4070.3501,1741069952
2014-51-19,4125.8101,4128.4702,4075.7000,4080.3301,1601400064
2014-52-20,4096.8901,4124.8599,4080.6101,4121.1099,1797910016
2014-52-21,4131.5400,4133.6099,4103.6099,4105.9600,1703500032
2014-52-22,4154.3398,4164.8501,4131.4702,4136.0898,1835810048
2014-52-23,4185.8101,4186.5801,4148.2998,4159.7798,1536610048
2014-52-27,4237.0698,4237.0698,4204.7202,4206.4399,1812329984
2014-52-28,4225.0801,4238.1699,4216.8901,4234.9600,1785139968
2014-52-29,4247.9502,4247.9502,4228.9600,4238.0400,1714000000
2014-53-30,4242.6201,4252.0801,4221.9502,4251.4902,1903660032
2014-60-02,4237.2002,4247.9600,4207.6099,4247.9600,1631309952
2014-60-03,4234.0801,4240.3501,4215.7998,4222.0400,1718640000
2014-60-04,4251.6401,4256.1899,4216.2300,4222.2100,1610089984
2014-60-05,4296.2300,4299.5000,4241.6802,4259.1201,1926749952
2014-60-06,4321.3999,4322.5098,4305.7402,4312.7598,1616649984
2014-60-09,4336.2402,4346.7402,4320.2798,4324.3501,1783059968
2014-61-10,4338.0000,4338.8701,4319.9302,4329.2002,1787120000
2014-61-11,4331.9302,4338.2100,4315.4902,4322.9199,1778460032
2014-61-12,4297.6299,4328.3501,4284.5298,4323.1099,1908189952
2014-61-13,4310.6499,4317.6699,4288.4102,4315.3101,1754560000
2014-61-16,4321.1001,4326.8901,4296.2598,4303.9302,1675120000
2014-61-17,4337.2300,4346.1201,4311.1499,4316.0098,1814360064
2014-61-18,4362.8398,4365.1001,4320.5400,4341.1802,1860659968
2014-61-19,4359.3301,4372.1802,4339.6099,4370.1401,1845459968
2014-62-20,4368.0400,4368.7998,4354.0298,4365.3701,2721380096
2014-62-23,4368.6802,4371.8101,4358.6802,4368.9600,1712930048
2014-62-24,4350.3501,4399.8701,4342.8999,4367.8999,2014700032
2014-62-25,4379.7598,4383.5498,4339.4102,4341.8198,1722819968
2014-62-26,4379.0498,4379.7998,4347.4502,4379.4399,1554070016
2014-62-27,4397.9302,4398.8501,4371.6001,4371.7998,3964930048
2014-63-30,4408.1802,4417.4600,4396.5898,4398.3701,1848109952
2014-70-01,4458.6499,4471.6001,4424.4302,4424.7100,1942550016
2014-70-02,4457.7300,4466.9199,4450.8701,4457.8599,1599480064
2014-70-03,4485.9302,4485.9302,4463.8501,4472.8901,1001729984
2014-70-07,4451.5298,4478.0200,4447.6001,4477.7402,1691389952
2014-70-08,4391.4600,4443.5601,4372.0400,4442.8701,2221819904
2014-70-09,4419.0298,4421.9302,4388.0098,4403.0298,1736960000
2014-71-10,4396.2002,4415.8501,4351.0400,4352.0400,1682919936
2014-71-11,4415.4902,4417.1602,4389.2900,4401.0498,1511250048
2014-71-14,4440.4199,4451.6001,4432.9502,4441.3901,1579660032
2014-71-15,4416.3901,4451.9302,4389.7002,4444.9102,1772029952
2014-71-16,4425.9702,4448.8701,4419.7100,4446.1699,2059340032
2014-71-17,4363.4502,4425.3799,4352.2300,4411.5200,2055239936
2014-71-18,4432.1499,4434.4399,4378.2202,4379.9399,1823580032
2014-72-21,4424.7002,4432.4199,4404.5098,4421.2002,1557820032
2014-72-22,4456.0200,4464.1299,4443.3501,4444.9399,1724440064
2014-72-23,4473.7002,4480.7300,4457.9502,4468.1602,1909810048
2014-72-24,4472.1099,4485.5000,4465.9399,4481.6099,1935090048
2014-72-25,4449.5601,4457.9502,4430.4302,4448.0601,1711430016
2014-72-28,4444.9102,4455.3901,4413.9199,4451.1201,1783250048
2014-72-29,4442.7002,4470.9702,4441.0298,4456.0698,2090809984
2014-73-30,4462.8999,4476.0601,4444.5098,4468.4399,1872429952
2014-73-31,4369.7700,4430.7998,4367.1499,4421.2900,2273380096
2014-80-01,4352.6401,4385.0498,4324.0200,4363.3901,2050339968
2014-80-04,4383.8901,4395.3799,4343.0298,4365.6201,1677400064
2014-80-05,4352.8398,4383.0200,4333.5801,4364.5898,1916179968
2014-80-06,4355.0498,4378.9902,4325.0400,4326.2798,1819309952
2014-80-07,4334.9702,4379.7002,4321.8901,4373.2500,1866329984
2014-80-08,4370.8999,4373.1201,4327.8701,4340.8799,1759059968
2014-81-11,4401.3301,4415.7798,4384.1499,4387.3799,1537880064
2014-81-12,4389.2500,4407.0801,4371.8398,4394.6899,1560220032
2014-81-13,4434.1299,4434.3101,4403.6401,4407.8701,1611689984
2014-81-14,4453.0000,4453.0000,4433.9399,4438.1299,1549820032
2014-81-15,4464.9302,4482.4702,4427.1299,4479.6401,1799459968
2014-81-18,4508.3101,4509.1602,4486.4399,4490.5298,1571100032
2014-81-19,4527.5098,4528.9102,4513.9199,4514.2598,1556560000
2014-82-20,4526.4800,4533.0098,4515.7300,4517.7500,1502029952
2014-82-21,4532.1001,4534.0000,4513.8101,4526.7202,1421730048
2014-82-22,4538.5498,4547.2402,4521.7700,4534.8701,1311810048
2014-82-25,4557.3501,4571.1401,4547.7798,4563.7202,1384620032
2014-82-26,4570.6401,4575.5898,4556.7798,4563.8101,1469619968
2014-82-27,4569.6201,4575.8101,4561.8398,4574.3501,1389469952
2014-82-28,4557.7002,4565.9600,4546.6201,4552.5498,1309580032
2014-82-29,4580.2700,4580.2700,4553.7798,4571.7598,1352829952
2014-90-02,4598.1899,4598.6401,4576.8101,4592.4199,1859079936
2014-90-03,4572.5601,4610.1401,4565.3799,4610.1401,1897449984
2014-90-04,4562.2900,4603.1499,4553.3101,4581.5200,1728700032
2014-90-05,4582.8999,4583.0000,4542.7402,4560.6299,1641830016
2014-90-08,4592.2900,4600.3999,4570.2300,4579.0601,1670210048
2014-90-09,4552.2900,4599.0298,4544.4399,4588.8301,1956550016
2014-91-10,4586.5200,4587.1001,4544.8398,4554.1499,1808649984
2014-91-11,4591.8101,4591.8101,4559.7500,4567.6401,1704850048
2014-91-12,4567.6001,4590.0801,4555.6802,4588.7700,1784169984
2014-91-15,4518.8999,4567.4702,4506.7300,4567.4502,1940519936
2014-91-16,4552.7598,4558.2402,4499.8701,4502.1099,1879350016
2014-91-17,4562.1899,4582.3999,4539.3599,4553.9600,1796710016
2014-91-18,4593.4302,4593.9800,4572.6201,4575.7402,1774840064
2014-91-19,4579.7900,4610.5698,4563.4399,4606.1299,3178490112
2014-92-22,4527.6899,4568.8701,4513.1201,4568.4502,1881520000
2014-92-23,4508.6899,4536.0298,4508.4199,4511.3198,1847730048
2014-92-24,4555.2202,4557.2700,4500.1299,4514.9199,1765260032
2014-92-25,4466.7500,4546.9302,4466.6401,4540.8198,1939609984
2014-92-26,4512.1899,4515.7500,4475.4800,4476.4800,1637479936
2014-92-29,4505.8501,4515.2402,4464.4399,4465.8398,1737750016
2014-93-30,4493.3901,4522.0601,4483.9102,4512.6401,2200379904
2014-00-01,4422.0898,4486.7900,4409.2998,4486.6499,2312630016
2014-00-02,4430.2002,4441.9502,4367.7402,4421.2500,2165499904
2014-00-03,4475.6201,4488.0698,4445.7202,4456.8101,1777639936
2014-00-06,4454.7998,4496.2598,4444.1001,4492.3999,1828240000
2014-00-07,4385.2002,4441.7598,4385.1499,4433.9102,2111360000
2014-00-08,4468.5898,4473.7300,4355.3398,4385.7002,2451630080
2014-00-09,4378.3398,4464.1299,4377.2798,4458.2900,2264219904
2014-01-10,4276.2402,4380.5098,4276.2402,4354.6299,3097359872
2014-01-13,4213.6602,4303.8198,4212.8701,4274.9102,63104909312
2014-01-14,4227.1699,4281.3398,4212.8198,4246.2300,2496120064
2014-01-15,4215.3198,4231.5400,4116.6001,4154.1001,3058739968
2014-01-16,4217.3901,4246.0098,4131.6499,4133.2500,2591940096
2014-01-17,4258.4399,4296.1099,4241.6699,4275.0898,2260069888
2014-02-20,4316.0698,4316.8701,4248.2202,4254.1602,1717369984
2014-02-21,4419.4800,4419.4800,4356.1001,4359.1699,1997580032
2014-02-22,4382.8501,4435.8599,4381.2798,4429.1602,1967020032
2014-02-23,4452.7900,4475.5498,4421.5601,4427.4399,1952380032
2014-02-24,4483.7202,4486.2598,4445.8501,4459.4600,1754300032
2014-02-27,4485.9302,4489.6001,4450.2900,4469.0200,1585580032
2014-02-28,4564.2900,4564.2900,4505.1099,4505.7300,1966919936
2014-02-29,4549.2300,4564.4399,4517.0200,4551.3701,2184049920
2014-03-30,4566.1401,4575.5000,4521.7900,4532.1001,2034960000
2014-03-31,4630.7402,4641.5098,4616.5801,4639.4502,2424359936
2014-10-03,4638.9102,4654.1899,4627.4199,4633.7100,2032999936
2014-10-04,4623.6401,4635.9502,4594.9199,4623.7700,1939320064
2014-10-05,4620.7202,4650.3901,4607.7300,4649.4702,2001869952
2014-10-06,4638.4702,4639.1699,4604.7598,4616.7798,1986819968
2014-10-07,4632.5298,4638.7998,4606.8101,4636.8901,1978829952
2014-11-10,4651.6201,4653.3799,4626.4902,4635.1001,1830009984
2014-11-11,4660.5601,4661.2300,4640.2402,4649.1899,1663689984
2014-11-12,4675.1401,4678.5801,4643.7798,4644.6299,1773059968
2014-11-13,4680.1401,4703.1001,4664.2700,4681.5601,1857580032
2014-11-14,4688.5400,4688.7402,4664.3101,4679.8501,1739949952
2014-11-17,4671.0000,4689.5298,4655.2002,4678.4399,1695069952
2014-11-18,4702.4399,4709.8301,4674.2998,4674.8398,1655760000
2014-11-19,4675.7100,4696.2002,4655.7202,4694.7798,1641560064
2014-12-20,4701.8701,4702.9702,4653.3301,4655.2002,1667330048
2014-12-21,4712.9702,4751.6001,4700.7300,4751.0098,1854339968
2014-12-24,4754.8901,4755.0200,4723.6201,4725.1699,1568130048
2014-12-25,4758.2500,4774.5200,4749.9199,4762.3901,1720140032
2014-12-26,4787.3198,4788.0000,4757.4800,4760.2300,1362930048
2014-12-28,4791.6299,4810.8599,4786.7202,4797.1001,998600000
2014-20-01,4727.3501,4782.0698,4724.6201,4777.7300,1893600000
2014-20-02,4755.8101,4761.6299,4729.7598,4732.9702,1839170048
2014-20-03,4774.4702,4781.3701,4745.1401,4761.3101,1734509952
2014-20-04,4769.4399,4785.4102,4753.7100,4772.0000,1724089984
2014-20-05,4780.7598,4788.9800,4769.6401,4776.5801,1767100032
2014-20-08,4740.6899,4793.2402,4722.9102,4769.7598,1966770048
2014-20-09,4766.4702,4768.4102,4674.3799,4685.2002,1950329984
2014-21-10,4684.0200,4766.6401,4679.2500,4754.4199,1850809984
2014-21-11,4708.1602,4759.8799,4699.4302,4704.6499,1873049984
2014-21-12,4653.6001,4707.9199,4653.6001,4665.3501,1888870016
2014-21-15,4605.1602,4690.5801,4592.4302,4679.6699,2143609984
2014-21-16,4547.8301,4645.1899,4547.3101,4572.7900,2231670016
2014-21-17,4644.3101,4651.8999,4550.7002,4556.8999,2279930112
2014-21-18,4748.3999,4748.3999,4697.0898,4712.3901,2172260096
2014-21-19,4765.3799,4782.1299,4738.2900,4752.6001,3287920128
2014-22-22,4781.4199,4781.9302,4757.7998,4759.0400,1720070016
2014-22-23,4765.4199,4798.0601,4761.3901,4798.0298,1590819968
2014-22-24,4773.4702,4787.5698,4768.6699,4770.1201,729750016
2014-22-26,4806.8599,4814.9502,4787.8501,4788.0601,0
2014-22-29,4806.9102,4813.7202,4798.8999,4801.2598,1227740032
2014-23-30,4777.4399,4803.8901,4772.8799,4793.6099,1269200000
2014-23-31,4736.0498,4806.4302,4734.1099,4790.5298,1515600000
2015-10-02,4726.8101,4777.0098,4698.1099,4760.2402,1435149952
2015-10-05,4652.5698,4702.7700,4641.4600,4700.3398,1794470016
2015-10-06,4592.7402,4667.3301,4567.5898,4666.8501,2167320064
2015-10-07,4650.4702,4652.7202,4613.8999,4626.8398,1957949952
2015-10-08,4736.1899,4741.3799,4688.0200,4689.5400,2105449984
2015-10-09,4704.0698,4744.7100,4681.2402,4744.4702,1715830016
2015-11-12,4664.7100,4715.8101,4650.6499,4714.0698,1861959936
2015-11-13,4661.5000,4751.3398,4624.2798,4708.7402,2162180096
2015-11-14,4639.3198,4655.3701,4595.9800,4610.7598,2073810048
2015-11-15,4570.8198,4663.9600,4567.3901,4657.4600,1976259968
2015-11-16,4634.3799,4635.8198,4563.1099,4566.3799,1970520064
2015-12-20,4654.8501,4665.6499,4601.1001,4655.8398,1835040000
2015-12-21,4667.4199,4692.4600,4629.5898,4641.9502,1847420032
2015-12-22,4750.3999,4752.6001,4644.5698,4690.9302,1996550016
2015-12-23,4757.8799,4771.1802,4737.9502,4748.1899,1653830016
2015-12-26,4771.7598,4774.1802,4734.2002,4752.3599,1717510016
2015-12-27,4681.5000,4721.8701,4659.8301,4698.2300,1954160000
2015-12-28,4637.9902,4742.0601,4637.4800,4740.6899,2118680064
2015-12-29,4683.4102,4688.4102,4601.7598,4635.7300,2110710016
